0,515.5027743,757.9561851,999.3309111,781.8183154,715.3493771,873.4595602,1053.205719,1898.366371,1738.176715,1573.029559,1355.40875,1300.664082,1070.243398,1238.042053,1475.658168,1629.651223,1719.674429,1381.444572,1179.277388,987.8021462,981.5134558,1266.048264,1555.376421,1429.898965,1797.052103,1982.751519,1740.102129,1661.522024,1596.212664,1442.95339,2137.806691,1940.030689,2175.735808,2619.268392,2579.725376,2370.443411,2168.183247,2089.475704,1953.127519,1733.615274,1921.764563,2180.373391,1677.120574,1983.975643,1878.82501,2125.145053,2254.062682,2462.836995,2696.794423,2679.794423,2453.948451,2900.508838,2945.58156,3178.211564,3203.512677,3496.260348,3791.732931,3996.933309,3917.538749,0,0,0,0,0515.5027743,0,313.2623792,516.2004399,266.3155411,255.9674775,464.2309559,643.9771148,1391.770876,1231.58122,1058.951949,839.9059753,798.4720334,554.7406239,731.4465579,969.0626725,1124.944272,1260.292529,922.0626725,687.3181073,481.2066511,522.1315562,806.6663646,1095.994522,1010.599822,1337.670203,1563.452376,1320.802986,1242.222881,1186.984059,1033.724786,1718.507548,1520.731546,1756.436665,2210.039787,2170.496771,1961.214807,1758.954642,1680.2471,1543.898914,1324.38667,1512.535958,1761.380749,1267.89197,1574.747039,1469.596406,1715.916448,1844.834078,2053.608391,2287.565818,2270.565818,2044.719847,2491.280234,2536.352956,2768.982959,2794.284072,3087.031743,3382.504326,3587.704705,3508.310144,0,0,0,0,0757.9561851,313.2623792,0,278.6805992,285.0103401,498.0447563,739.0138888,932.8335489,1423.229857,1194.580487,1021.951216,752.3118961,605.2582498,467.859127,709.5541753,1001.938061,1231.945005,1367.293262,1029.775988,794.3188404,574.2477216,706.2693276,1003.452473,1289.039573,1238.393888,1532.674855,1772.886821,1530.23743,1470.016947,1475.840493,1322.58122,1927.941993,1748.525612,1984.23073,2498.896221,2459.353205,2250.071241,2047.811076,1969.103534,1832.755348,1613.243104,1756.390782,1989.174814,1556.748404,1863.603473,1758.45284,2004.772882,2133.690512,2342.464825,2576.422253,2559.422253,2333.576281,2780.136668,2825.20939,3057.839394,3083.140506,3375.888177,3671.360761,3876.561139,3797.166578,0,0,0,0,0999.3309111,516.2004399,278.6805992,0,317.9016994,594.0951949,855.5510697,1049.37073,1244.889277,985.0789337,765.7082039,494.6524758,326.5776506,268.6910212,531.2135955,823.5974809,1055.920318,1285.863881,950.1280622,708.6171214,527.8766097,713.5843253,982.5553353,1235.783603,1252.853649,1456.010368,1733.400567,1534.584772,1484.476708,1550.073456,1439.118401,1932.289335,1762.27279,1997.977909,2615.433402,2575.890386,2366.608422,2164.348257,2066.355202,1949.292529,1729.780285,1770.850543,2003.634575,1673.285585,1980.140654,1874.990021,2121.310063,2250.227693,2459.002006,2692.959433,2675.959433,2450.113462,2896.673849,2941.746571,3174.376574,3199.677687,3492.425358,3787.897941,3993.09832,3913.703759,0,0,0,0,0781.8183154,266.3155411,285.0103401,317.9016994,0,276.1934955,537.6493702,731.4690303,1146.236068,985.5742753,812.945005,573.5904343,542.94277,288.4250828,485.4396135,724.9442719,954.9512163,1090.299474,752.0696168,517.3250517,292.8002933,434.3402178,718.4421324,1004.029232,976.1035795,1247.664515,1487.876481,1263.357216,1207.726639,1273.323386,1121.216701,1661.061779,1486.235303,1721.940422,2297.531703,2257.988687,2048.706722,1846.446558,1767.739016,1631.39083,1411.878585,1494.100474,1726.884506,1355.383885,1662.238955,1557.088322,1803.408364,1932.325993,2141.100306,2375.057734,2358.057734,2132.211763,2578.772149,2623.844872,2856.474875,2881.775988,3174.523659,3469.996242,3675.196621,3595.80206,0,0,0,0,0715.3493771,255.9674775,498.0447563,594.0951949,276.1934955,0,261.4558747,455.2755348,1187.738354,1036.099685,933.6597755,749.0862846,804.2956348,506.3250517,586.0239328,765.03015,919.0232056,1004.325052,666.0951949,468.6493702,287.1502814,266.1640786,550.6988871,840.0270444,756.4138005,1081.702726,1309.266355,1066.616964,988.0368595,998.2824792,845.0232056,1464.321527,1266.545524,1502.250643,2021.338207,1981.795191,1772.513227,1570.253062,1491.54552,1355.197334,1135.68509,1274.410695,1507.194727,1079.19039,1386.045459,1280.894826,1527.214868,1656.132498,1864.906811,2098.864239,2081.864239,1856.018267,2302.578654,2347.651376,2580.28138,2605.582492,2898.330163,3193.802746,3399.003125,3319.608564,0,0,0,0,0873.4595602,464.2309559,739.0138888,855.5510697,537.6493702,261.4558747,0,202.3181073,1189.283212,1136.159052,1072.044852,929.8304432,1038.83976,740.869177,743.6866119,835.1610586,920.568064,915.2198067,645.4496635,516.6902263,440.6725758,271.6251306,448.8459713,724.482186,599.0047297,966.1578674,1151.857284,909.207893,830.6277887,745.3250517,592.0657781,1306.912456,1109.136453,1344.841572,1768.38078,1728.837764,1519.555799,1317.295635,1238.588093,1102.239907,882.7276623,1070.876951,1329.485779,826.2329624,1133.088032,1027.937399,1274.257441,1403.17507,1611.949383,1845.906811,1828.906811,1603.06084,2049.621226,2094.693949,2327.323952,2352.625065,2645.372736,2940.845319,3146.045698,3066.651137,0,0,0,0,01053.205719,643.9771148,932.8335489,1049.37073,731.4690303,455.2755348,202.3181073,0,1324.74822,1285.408402,1250.669597,1132.148551,1241.157867,943.1872843,923.0239388,983.9514183,1038.574804,1006.861,751.5206494,680.1682831,642.9906831,448.6434083,540.4871649,796.7658054,671.2883491,1038.441487,1224.140903,981.4915125,747.1346618,543.0069444,389.7476708,1374.57117,1103.613742,1255.132289,1566.062672,1526.519657,1317.237692,1114.977528,1036.269985,899.9217994,680.409555,868.5588435,1127.167672,623.9148551,930.7699243,825.6192913,1071.939333,1200.856963,1409.631276,1643.588704,1626.588704,1400.742732,1847.303119,1892.375841,2125.005845,2150.306958,2443.054628,2738.527212,2943.72759,2864.333029,0,0,0,0,01898.366371,1391.770876,1423.229857,1244.889277,1146.236068,1187.738354,1189.283212,1324.74822,0,297.8067025,517.3042282,753.5417528,1019.070238,977.0889837,713.6756815,422.7082039,286.1734156,500.9512163,573.2275704,719.0889837,910.5642253,949.9024326,803.3226325,716.1280684,1076.820967,757.1741286,1000.400147,1037.971316,1249.60919,1413.298113,1560.360724,1242.400147,1280.889277,1471.046411,2500.778666,2510.04754,2300.765576,2028.46291,1813.0804,1838.596767,1600.296413,1466.585058,1615.801026,1730.348688,2021.512701,1988.957517,2235.277559,2364.195188,2572.969501,2806.926929,2789.926929,2564.080957,3010.641344,3055.714066,3288.34407,3313.645183,3606.392854,3901.865437,4107.065816,4027.671255,0,0,0,0,01738.176715,1231.58122,1194.580487,985.0789337,985.5742753,1036.099685,1136.159052,1285.408402,297.8067025,0,219.7270209,493.7314095,747.5022859,726.7213595,500.1346618,301.4569841,379.7213595,683.623059,589.1416062,619.4688258,750.3745685,864.5339215,821.1271367,856.3544685,1144.007678,947.4001466,1235.47908,1199.397041,1354.384619,1469.083506,1615.433535,1477.47908,1442.315002,1632.472136,2654.365985,2614.822969,2405.541004,2160.316468,1974.506125,1943.372196,1688.860593,1628.010783,1777.226751,1785.421498,2085.670936,2044.030327,2290.350369,2419.267999,2628.042312,2861.999739,2844.999739,2619.153768,3065.714155,3110.786877,3343.41688,3368.717993,3661.465664,3956.938247,4162.138626,4082.744065,0,0,0,0,01573.029559,1058.951949,1021.951216,765.7082039,812.945005,933.6597755,1072.044852,1250.669597,517.3042282,219.7270209,0,274.3606798,528.1315562,554.0920893,347.6358427,316.7770876,515.547964,828.8923826,641.8722826,570.5013134,646.5094941,802.0261883,850.6988871,928.9148551,1196.738354,1092.66947,1380.748404,1281.872283,1407.115295,1521.814182,1623.137146,1622.748404,1538.954322,1776.797188,2707.096661,2667.553645,2458.271681,2213.047144,2027.236801,1996.102872,1741.59127,1680.74146,1831.845971,1838.152175,2138.401613,2059.008766,2305.328808,2434.246438,2643.020751,2876.978179,2859.978179,2634.132207,3080.692594,3125.765316,3358.39532,3383.696432,3676.444103,3971.916686,4177.117065,4097.722504,0,0,0,0,01355.40875,839.9059753,752.3118961,494.6524758,573.5904343,749.0862846,929.8304432,1132.148551,753.5417528,493.7314095,274.3606798,0,272.2980172,285.1653514,209.1246118,417.1029178,663.1544349,946.5703952,686.3382073,511.9442719,489.1578674,695.7971876,821.5116028,1003.125345,1143.472136,1169.730289,1454.958894,1356.082772,1375.095195,1467.603692,1521.896221,1696.958894,1613.164812,1851.007678,2652.886171,2613.343155,2404.061191,2158.836654,1973.026311,1941.892383,1687.38078,1661.46903,1894.253062,1756.063406,2062.918475,1957.767842,2204.087884,2333.005514,2541.779827,2775.737254,2758.737254,2532.891283,2979.451669,3024.524392,3257.154395,3282.455508,3575.203179,3870.675762,4075.876141,3996.48158,0,0,0,0,01300.664082,798.4720334,605.2582498,326.5776506,542.94277,804.2956348,1038.83976,1241.157867,1019.070238,747.5022859,528.1315562,272.2980172,0,297.9705831,424.2389138,676.5492,927.1906225,1206.016677,906.7706064,722.934955,603.8328157,815.1934955,1032.502286,1214.116028,1354.462819,1429.176572,1706.56677,1567.073456,1586.085878,1651.682626,1630.905538,1907.949577,1824.155495,2061.998361,2807.22054,2767.677524,2558.395559,2342.915588,2167.964372,2125.971316,1871.459713,1872.459713,2105.243745,1865.072722,2171.927792,2066.777159,2313.097201,2442.01483,2650.789144,2884.746571,2867.746571,2641.9006,3088.460986,3133.533709,3366.163712,3391.464825,3684.212496,3979.685079,4184.885458,4105.490897,0,0,0,0,01070.243398,554.7406239,467.859127,268.6910212,288.4250828,506.3250517,740.869177,943.1872843,977.0889837,726.7213595,554.0920893,285.1653514,297.9705831,0,263.4133022,555.7971876,787.2292967,1017.17286,691.7643281,466.7770466,323.8033989,535.1640786,752.4728691,993.9435277,1074.433402,1214.170293,1491.560492,1292.744697,1306.056461,1371.653209,1332.934955,1690.44926,1549.826737,1787.669603,2509.249957,2469.706941,2260.424976,2058.164812,1887.934955,1843.109084,1591.430297,1592.430297,1825.214329,1567.102139,1873.957209,1768.806576,2015.126618,2144.044247,2352.81856,2586.775988,2569.775988,2343.930017,2790.490403,2835.563126,3068.193129,3093.494242,3386.241913,3681.714496,3886.914875,3807.520314,0,0,0,0,01238.042053,731.4465579,709.5541753,531.2135955,485.4396135,586.0239328,743.6866119,923.0239388,713.6756815,500.1346618,347.6358427,209.1246118,424.2389138,263.4133022,0,292.3838854,539.6709515,781.7777636,482.5316926,307.0688837,307.8239669,486.6725758,616.6362146,798.2499567,938.5967478,1004.937658,1282.327856,1151.207384,1170.219807,1258.47908,1312.77161,1492.083506,1408.289424,1646.132289,2443.76156,2404.218544,2194.936579,1949.712043,1763.901699,1732.767771,1478.256168,1456.593642,1689.377674,1546.938794,1853.793863,1748.64323,1994.963272,2123.880902,2332.655215,2566.612642,2549.612642,2323.766671,2770.327058,2815.39978,3048.029783,3073.330896,3366.078567,3661.55115,3866.751529,3787.356968,0,0,0,0,01475.658168,969.0626725,1001.938061,823.5974809,724.9442719,765.03015,835.1610586,983.9514183,422.7082039,301.4569841,316.7770876,417.1029178,676.5492,555.7971876,292.3838854,0,253.1658704,529.4674774,325.0951949,318.4708323,487.8560213,563.535928,533.9217994,619.6919427,879.9612663,783.4465579,1071.525492,972.6493702,1090.338207,1205.037094,1351.387123,1313.525492,1229.73141,1467.574275,2390.319574,2350.776558,2141.494593,1896.270057,1710.459713,1679.325785,1424.814182,1363.964372,1522.623059,1521.375087,1821.624525,1779.983916,2026.303958,2155.221587,2363.995901,2597.953328,2580.953328,2355.107357,2801.667743,2846.740466,3079.370469,3104.671582,3397.419253,3692.891836,3898.092215,3818.697654,0,0,0,0,01629.651223,1124.944272,1231.945005,1055.920318,954.9512163,919.0232056,920.568064,1038.574804,286.1734156,379.7213595,515.547964,663.1544349,927.1906225,787.2292967,539.6709515,253.1658704,0,313.3444185,287.0541547,450.3738354,662.150923,681.1872843,517.1492168,476.633109,805.7942392,577.1215062,865.2004399,819.6756815,978.5824618,1142.271385,1289.333996,1107.20044,1062.593642,1261.249224,2278.563828,2239.020812,2029.738848,1784.514311,1594.784765,1567.570039,1329.269685,1248.289424,1397.505392,1459.32196,1750.485973,1717.930789,1964.250831,2093.16846,2301.942773,2535.900201,2518.900201,2293.05423,2739.614616,2784.687339,3017.317342,3042.618455,3335.366126,3630.838709,3836.039088,3756.644527,0,0,0,0,01719.674429,1260.292529,1367.293262,1285.863881,1090.299474,1004.325052,915.2198067,1006.861,500.9512163,683.623059,828.8923826,946.5703952,1206.016677,1017.17286,781.7777636,529.4674774,313.3444185,0,338.2298567,578.8532262,797.4991803,738.160973,466.3738354,250.6258233,633.8092583,263.7770876,551.8560213,537.0201,776.3901779,952.6152682,1114.136081,793.8560213,779.9380607,970.0951949,2005.349963,2016.044002,1806.762037,1533.034207,1312.129184,1353.144217,1134.794168,968.4841715,1114.84981,1269.665843,1544.076702,1542.732874,1789.052916,1917.970545,2126.744859,2360.702286,2343.702286,2117.856315,2564.416701,2609.489424,2842.119427,2867.42054,3160.168211,3455.640794,3660.841173,3581.446612,0,0,0,0,01381.444572,922.0626725,1029.775988,950.1280622,752.0696168,666.0951949,645.4496635,751.5206494,573.2275704,589.1416062,641.8722826,686.3382073,906.7706064,691.7643281,482.5316926,325.0951949,287.0541547,338.2298567,0,243.1174077,459.2693236,406.0688837,233.7669864,316.7871376,554.8660713,522.4059652,799.7961639,669.7445652,765.2430124,879.9418994,1026.291928,1010.620687,926.8266045,1164.66947,2065.224379,2025.681363,1816.399398,1571.174862,1385.364519,1354.23059,1099.718987,1038.869177,1219.718254,1196.279892,1496.52933,1454.888721,1701.208763,1830.126393,2038.900706,2272.858133,2255.858133,2030.012162,2476.572548,2521.645271,2754.275274,2779.576387,3072.324058,3367.796641,3572.99702,3493.602459,0,0,0,0,01179.277388,687.3181073,794.3188404,708.6171214,517.3250517,468.6493702,516.6902263,680.1682831,719.0889837,619.4688258,570.5013134,511.9442719,722.934955,466.7770466,307.0688837,318.4708323,450.3738354,578.8532262,243.1174077,0,224.5247584,245.0650957,309.5673309,527.1664812,632.472136,747.3932467,1024.783445,844.1385006,863.150923,957.547964,1052.635832,1223.672214,1101.22054,1339.063406,2142.830443,2103.287427,1894.005463,1648.780926,1462.970583,1431.836654,1177.325052,1149.524758,1382.30879,1273.885957,1574.135395,1488.507453,1734.827495,1863.745124,2072.519438,2306.476865,2289.476865,2063.630894,2510.19128,2555.264003,2787.894006,2813.195119,3105.94279,3401.415373,3606.615752,3527.221191,0,0,0,0,0987.8021462,481.2066511,574.2477216,527.8766097,292.8002933,287.1502814,440.6725758,642.9906831,910.5642253,750.3745685,646.5094941,489.1578674,603.8328157,323.8033989,307.8239669,487.8560213,662.150923,797.4991803,459.2693236,224.5247584,0,211.3606798,454.6787256,714.7918509,750.6300034,958.4271338,1205.523957,1006.708163,982.2530624,1047.84981,1032.738354,1404.412725,1260.049145,1495.754263,2209.053356,2169.51034,1960.228375,1739.082772,1564.131556,1522.138501,1267.626898,1268.626898,1501.41093,1266.905538,1573.760607,1468.609974,1714.930017,1843.847646,2052.621959,2286.579387,2269.579387,2043.733415,2490.293802,2535.366524,2767.996528,2793.297641,3086.045312,3381.517895,3586.718273,3507.323713,0,0,0,0,0981.5134558,522.1315562,706.2693276,713.5843253,434.3402178,266.1640786,271.6251306,448.6434083,949.9024326,864.5339215,802.0261883,695.7971876,815.1934955,535.1640786,486.6725758,563.535928,681.1872843,738.160973,406.0688837,245.0650957,211.3606798,0,297.1831449,582.770245,541.7633618,826.4055279,1066.617493,829.0169983,773.3864208,838.9831685,826.0990337,1226.721561,1051.895085,1287.600204,2002.414035,1962.871019,1753.589055,1530.216131,1355.264915,1313.271859,1058.760256,1059.760256,1292.544288,1060.266218,1367.121287,1261.970654,1508.290696,1637.208326,1845.982639,2079.940067,2062.940067,1837.094095,2283.654482,2328.727204,2561.357208,2586.658321,2879.405991,3174.878575,3380.078953,3300.684392,0,0,0,0,01266.048264,806.6663646,1003.452473,982.5553353,718.4421324,550.6988871,448.8459713,540.4871649,803.3226325,821.1271367,850.6988871,821.5116028,1032.502286,752.4728691,616.6362146,533.9217994,517.1492168,466.3738354,233.7669864,309.5673309,454.6787256,297.1831449,0,289.3281573,346.0394669,531.0038388,769.4343481,552.029437,556.4164079,671.1152949,817.4653239,949.7339999,809.1114763,1046.954342,1856.397774,1816.854758,1607.572794,1362.348257,1176.537914,1145.403985,890.8923826,839.9574275,1072.74146,987.4532878,1287.702726,1246.062116,1492.382159,1621.299788,1830.074101,2064.031529,2047.031529,1821.185557,2267.745944,2312.818666,2545.44867,2570.749783,2863.497453,3158.970037,3364.170415,3284.775855,0,0,0,0,01555.376421,1095.994522,1289.039573,1235.783603,1004.029232,840.0270444,724.482186,796.7658054,716.1280684,856.3544685,928.9148551,1003.125345,1214.116028,993.9435277,798.2499567,619.6919427,476.633109,250.6258233,316.7871376,527.1664812,714.7918509,582.770245,289.3281573,0,383.183435,243.6352829,497.6169642,352.9574275,538.300522,701.9894449,863.5102581,696.5057326,610.0394669,847.8823326,1805.849922,1798.738872,1589.456908,1333.534167,1118.151656,1127.2881,888.9877449,771.6563146,920.8722826,1019.04002,1310.204033,1292.107051,1538.427093,1667.344722,1876.119035,2110.076463,2093.076463,1867.230492,2313.790878,2358.863601,2591.493604,2616.794717,2909.542388,3205.014971,3410.21535,3330.820789,0,0,0,0,01429.898965,1010.599822,1238.393888,1252.853649,976.1035795,756.4138005,599.0047297,671.2883491,1076.820967,1144.007678,1196.738354,1143.472136,1354.462819,1074.433402,938.5967478,879.9612663,805.7942392,633.8092583,554.8660713,632.472136,750.6300034,541.7633618,346.0394669,383.183435,0,552.2680304,687.4313858,384.5854145,231.623059,336.4771455,483.5397568,756.8518817,530.6184659,766.3235846,1510.358307,1470.815291,1261.533327,1016.30879,830.4984472,799.3645185,544.8529157,517.9968944,750.7809264,653.5277207,944.6917339,912.1365493,1158.456591,1287.374221,1496.148534,1730.105962,1713.105962,1487.25999,1933.820377,1978.893099,2211.523103,2236.824216,2529.571886,2825.04447,3030.244848,2950.850287,0,0,0,0,01797.052103,1337.670203,1532.674855,1456.010368,1247.664515,1081.702726,966.1578674,1038.441487,757.1741286,947.4001466,1092.66947,1169.730289,1429.176572,1214.170293,1004.937658,783.4465579,577.1215062,263.7770876,522.4059652,747.3932467,958.4271338,826.4055279,531.0038388,243.6352829,552.2680304,0,288.0789337,308.0534621,586.8734735,815.0450974,1029.031942,530.0789337,523.7151483,713.8722826,1801.145561,1811.8396,1602.557636,1328.829806,1092.069825,1148.939815,945.2774631,764.2797699,858.6268977,1123.523745,1352.265045,1401.869166,1648.189208,1777.106838,1985.881151,2219.838579,2202.838579,1976.992607,2423.552994,2468.625716,2701.25572,2726.556832,3019.304503,3314.777087,3519.977465,3440.582904,0,0,0,0,01982.751519,1563.452376,1772.886821,1733.400567,1487.876481,1309.266355,1151.857284,1224.140903,1000.400147,1235.47908,1380.748404,1454.958894,1706.56677,1491.560492,1282.327856,1071.525492,865.2004399,551.8560213,799.7961639,1024.783445,1205.523957,1066.617493,769.4343481,497.6169642,687.4313858,288.0789337,0,302.8459713,597.6919427,831.5642253,1045.55107,242,349.524646,473.9512163,1644.596629,1684.436567,1461.614381,1190.86999,936.8978641,1059.632996,898.5549084,657.990301,659.8574616,1113.49918,1279.71138,1401.286318,1659.007678,1772.07035,1996.69962,2230.657048,2213.657048,1987.811076,2434.371463,2479.444185,2712.074189,2737.375302,3030.122972,3325.595556,3530.795934,3451.401374,0,0,0,0,01740.102129,1320.802986,1530.23743,1534.584772,1263.357216,1066.616964,909.207893,981.4915125,1037.971316,1199.397041,1281.872283,1356.082772,1567.073456,1292.744697,1151.207384,972.6493702,819.6756815,537.0201,669.7445652,844.1385006,1006.708163,829.0169983,552.029437,352.9574275,384.5854145,308.0534621,302.8459713,0,308.537914,542.4101966,756.397041,403.7982358,257.0820393,494.9249051,1493.092099,1503.786138,1294.504173,1020.776343,784.0163629,840.8863532,646.633307,456.2263078,577.8297101,824.8795884,1053.620889,1112.132289,1369.853649,1482.916321,1707.545592,1941.503019,1924.503019,1698.657048,2145.217434,2190.290157,2422.92016,2448.221273,2740.968944,3036.441527,3241.641906,3162.247345,0,0,0,0,01661.522024,1242.222881,1470.016947,1484.476708,1207.726639,988.0368595,830.6277887,747.1346618,1249.60919,1354.384619,1407.115295,1375.095195,1586.085878,1306.056461,1170.219807,1090.338207,978.5824618,776.3901779,765.2430124,863.150923,982.2530624,773.3864208,556.4164079,538.300522,231.623059,586.8734735,597.6919427,308.537914,0,233.8722826,447.859127,627.4365079,357.904245,567.6763984,1299.981366,1261.685369,1052.403405,805.9318494,620.1215062,598.7855847,368.5017814,286.3738354,519.1578674,536.6502711,789.7180698,814.9956927,1061.315735,1190.233364,1399.007678,1632.965105,1615.965105,1390.119134,1836.67952,1881.752243,2114.382246,2139.683359,2432.43103,2727.903613,2933.103992,2853.709431,0,0,0,0,01596.212664,1186.984059,1475.840493,1550.073456,1273.323386,998.2824792,745.3250517,543.0069444,1413.298113,1469.083506,1521.814182,1467.603692,1651.682626,1371.653209,1258.47908,1205.037094,1142.271385,952.6152682,879.9418994,957.547964,1047.84981,838.9831685,671.1152949,701.9894449,336.4771455,815.0450974,831.5642253,542.4101966,233.8722826,0,222.0131556,831.5642253,560.6067977,712.1253449,1185.282479,1145.739463,936.4574988,691.2329624,570.5773809,474.2886904,219.7770876,330.7181211,589.3269497,319.3455279,616.5874309,597.6909495,844.0109916,972.9286212,1181.702934,1415.660362,1398.660362,1172.814391,1619.374777,1664.447499,1897.077503,1922.378616,2215.126287,2510.59887,2715.799249,2636.404688,0,0,0,0,01442.95339,1033.724786,1322.58122,1439.118401,1121.216701,845.0232056,592.0657781,389.7476708,1560.360724,1615.433535,1623.137146,1521.896221,1630.905538,1332.934955,1312.77161,1351.387123,1289.333996,1114.136081,1026.291928,1052.635832,1032.738354,826.0990337,817.4653239,863.5102581,483.5397568,1029.031942,1045.55107,756.397041,447.859127,222.0131556,0,1053.577381,782.6199534,934.1385006,1176.315002,1136.771986,927.4900213,725.2298567,667.0090568,510.1741286,311.1486265,519.9524891,778.5613177,239.8328157,560.8519636,455.7013307,702.0213728,830.9390023,1039.713315,1273.670743,1256.670743,1030.824772,1477.385158,1522.457881,1755.087884,1780.388997,2073.136668,2368.609251,2573.80963,2494.415069,0,0,0,0,02137.806691,1718.507548,1927.941993,1932.289335,1661.061779,1464.321527,1306.912456,1374.57117,1242.400147,1477.47908,1622.748404,1696.958894,1907.949577,1690.44926,1492.083506,1313.525492,1107.20044,793.8560213,1010.620687,1223.672214,1404.412725,1226.721561,949.7339999,696.5057326,756.8518817,530.0789337,242,403.7982358,627.4365079,831.5642253,1053.577381,0,270.9574275,256.3571614,1481.050131,1541.085653,1318.263468,1047.519076,793.5469505,951.5549084,841.4264579,579.6625258,482.311753,1056.37073,1190.873016,1344.157867,1601.879227,1714.941899,1939.57117,2173.528597,2156.528597,1930.682626,2377.243012,2422.315735,2654.945738,2680.246851,2972.994522,3268.467105,3473.667484,3394.272923,0,0,0,0,01940.030689,1520.731546,1748.525612,1762.27279,1486.235303,1266.545524,1109.136453,1103.613742,1280.889277,1442.315002,1538.954322,1613.164812,1824.155495,1549.826737,1408.289424,1229.73141,1062.593642,779.9380607,926.8266045,1101.22054,1260.049145,1051.895085,809.1114763,610.0394669,530.6184659,523.7151483,349.524646,257.0820393,357.904245,560.6067977,782.6199534,270.9574275,0,237.8428657,1305.39927,1334.911921,1112.089735,841.3453437,596.3235336,710.1083503,580.3838854,318.6199534,334.9117494,795.3281573,930.1867344,1083.115295,1340.836654,1453.899327,1678.528597,1912.486025,1895.486025,1669.640053,2116.20044,2161.273162,2393.903166,2419.204279,2711.951949,3007.424533,3212.624911,3133.230351,0,0,0,0,02175.735808,1756.436665,1984.23073,1997.977909,1721.940422,1502.250643,1344.841572,1255.132289,1471.046411,1632.472136,1776.797188,1851.007678,2061.998361,1787.669603,1646.132289,1467.574275,1261.249224,970.0951949,1164.66947,1339.063406,1495.754263,1287.600204,1046.954342,847.8823326,766.3235846,713.8722826,473.9512163,494.9249051,567.6763984,712.1253449,934.1385006,256.3571614,237.8428657,0,1231.118837,1291.154359,1068.332174,797.5877822,552.879227,740.9937888,677.1346618,414.8985938,237.1903899,890.1903899,980.3118961,1144.455875,1402.177234,1515.239907,1739.869177,1973.826604,1960.603692,1734.757721,2181.318107,2226.39083,2459.020833,2484.321946,2777.069617,3072.5422,3277.742579,3194.57093,0,0,0,0,02619.268392,2210.039787,2498.896221,2615.433402,2297.531703,2021.338207,1768.38078,1566.062672,2500.778666,2654.365985,2707.096661,2652.886171,2807.22054,2509.249957,2443.76156,2390.319574,2278.563828,2005.349963,2065.224379,2142.830443,2209.053356,2002.414035,1856.397774,1805.849922,1510.358307,1801.145561,1644.596629,1493.092099,1299.981366,1185.282479,1176.315002,1481.050131,1305.39927,1231.118837,0,289.0607275,272.859127,494.0495168,709.075736,710.9937888,965.5053916,1036.865791,998.7383783,942.1478174,711.0356788,965.9786267,1189.495031,1259.121195,1499.803088,1723.845661,1773.41683,1547.570859,1994.131245,2039.203968,2271.833971,2297.135084,2589.882755,2885.355338,3026.744366,2938.452219,0,0,0,0,02579.725376,2170.496771,2459.353205,2575.890386,2257.988687,1981.795191,1728.837764,1526.519657,2510.04754,2614.822969,2667.553645,2613.343155,2767.677524,2469.706941,2404.218544,2350.776558,2239.020812,2016.044002,2025.681363,2103.287427,2169.51034,1962.871019,1816.854758,1798.738872,1470.815291,1811.8396,1684.436567,1503.786138,1261.685369,1145.739463,1136.771986,1541.085653,1334.911921,1291.154359,289.0607275,0,222.8221853,493.5665768,747.5387024,671.4507728,925.9623756,1047.55983,1058.7739,902.6048015,671.4926629,926.4356107,1149.952015,1219.578179,1460.260072,1684.302645,1733.873814,1508.027843,1954.588229,1999.660952,2232.290955,2257.592068,2550.339739,2845.812322,2987.20135,2898.909203,0,0,0,0,02370.443411,1961.214807,2250.071241,2366.608422,2048.706722,1772.513227,1519.555799,1317.237692,2300.765576,2405.541004,2458.271681,2404.061191,2558.395559,2260.424976,2194.936579,2141.494593,2029.738848,1806.762037,1816.399398,1894.005463,1960.228375,1753.589055,1607.572794,1589.456908,1261.533327,1602.557636,1461.614381,1294.504173,1052.403405,936.4574988,927.4900213,1318.263468,1112.089735,1068.332174,272.859127,222.8221853,0,273.72783,524.7165171,462.1688083,716.6804111,838.2778657,835.9517146,693.322837,462.2106984,717.1536462,940.6700504,1010.296215,1250.978108,1475.02068,1524.59185,1298.745878,1745.306265,1790.378987,2023.008991,2048.310104,2341.057775,2636.530358,2777.919386,2689.627239,0,0,0,0,02168.183247,1758.954642,2047.811076,2164.348257,1846.446558,1570.253062,1317.295635,1114.977528,2028.46291,2160.316468,2213.047144,2158.836654,2342.915588,2058.164812,1949.712043,1896.270057,1784.514311,1533.034207,1571.174862,1648.780926,1739.082772,1530.216131,1362.348257,1333.534167,1016.30879,1328.829806,1190.86999,1020.776343,805.9318494,691.2329624,725.2298567,1047.519076,841.3453437,797.5877822,494.0495168,493.5665768,273.72783,0,253.9721256,216.9442719,471.4558747,564.5500357,565.2073231,491.0626725,296.9692489,551.9121967,775.4286009,845.0547655,1085.736658,1309.779231,1359.3504,1133.504429,1580.064815,1625.137538,1857.767541,1883.068654,2175.816325,2471.288908,2612.677936,2524.385789,0,0,0,0,02089.475704,1680.2471,1969.103534,2066.355202,1767.739016,1491.54552,1238.588093,1036.269985,1813.0804,1974.506125,2027.236801,1973.026311,2167.964372,1887.934955,1763.901699,1710.459713,1594.784765,1312.129184,1385.364519,1462.970583,1564.131556,1355.264915,1176.537914,1118.151656,830.4984472,1092.069825,936.8978641,784.0163629,620.1215062,570.5773809,667.0090568,793.5469505,596.3235336,552.879227,709.075736,747.5387024,524.7165171,253.9721256,0,225.8854382,358.3544685,346.4953416,315.6888371,490.8126336,450.5673309,686.4487012,929.5611197,999.1872843,1239.869177,1463.911749,1513.482919,1287.636948,1734.197334,1779.270057,2011.90006,2037.201173,2329.948844,2625.421427,2766.810455,2678.518308,0,0,0,0,01953.127519,1543.898914,1832.755348,1949.292529,1631.39083,1355.197334,1102.239907,899.9217994,1838.596767,1943.372196,1996.102872,1941.892383,2125.971316,1843.109084,1732.767771,1679.325785,1567.570039,1353.144217,1354.23059,1431.836654,1522.138501,1313.271859,1145.403985,1127.2881,799.3645185,1148.939815,1059.632996,840.8863532,598.7855847,474.2886904,510.1741286,951.5549084,710.1083503,740.9937888,710.9937888,671.4507728,462.1688083,216.9442719,225.8854382,0,254.5116028,401.6426953,503.8033989,290.9711735,239.3181073,470.0059821,713.1184006,782.7445652,1023.426458,1247.46903,1297.0402,1071.194229,1517.754615,1562.827338,1795.457341,1820.758454,2113.506125,2408.978708,2550.367736,2462.075589,0,0,0,0,01733.615274,1324.38667,1613.243104,1729.780285,1411.878585,1135.68509,882.7276623,680.409555,1600.296413,1688.860593,1741.59127,1687.38078,1871.459713,1591.430297,1478.256168,1424.814182,1329.269685,1134.794168,1099.718987,1177.325052,1267.626898,1058.760256,890.8923826,888.9877449,544.8529157,945.2774631,898.5549084,646.633307,368.5017814,219.7770876,311.1486265,841.4264579,580.3838854,677.1346618,965.5053916,925.9623756,716.6804111,471.4558747,358.3544685,254.5116028,0,262.236068,484.3250517,214.9442719,421.2162884,502.7314095,760.4527691,873.5154416,1098.144712,1332.102139,1315.102139,1089.256168,1535.816554,1580.889277,1813.51928,1838.820393,2131.568064,2427.040647,2632.241026,2552.846465,0,0,0,0,01921.764563,1512.535958,1756.390782,1770.850543,1494.100474,1274.410695,1070.876951,868.5588435,1466.585058,1628.010783,1680.74146,1661.46903,1872.459713,1592.430297,1456.593642,1363.964372,1248.289424,968.4841715,1038.869177,1149.524758,1268.626898,1059.760256,839.9574275,771.6563146,517.9968944,764.2797699,657.990301,456.2263078,286.3738354,330.7181211,519.9524891,579.6625258,318.6199534,414.8985938,1036.865791,1047.55983,838.2778657,564.5500357,346.4953416,401.6426953,262.236068,0,261.8217624,476.7082039,621.7210794,764.4953416,1022.216701,1135.279374,1359.908644,1593.866071,1576.866071,1351.0201,1797.580487,1842.653209,2075.283212,2100.584325,2393.331996,2688.804579,2894.004958,2814.610397,0,0,0,0,02180.373391,1761.380749,1989.174814,2003.634575,1726.884506,1507.194727,1329.485779,1127.167672,1615.801026,1777.226751,1831.845971,1894.253062,2105.243745,1825.214329,1689.377674,1522.623059,1397.505392,1114.84981,1219.718254,1382.30879,1501.41093,1292.544288,1072.74146,920.8722826,750.7809264,858.6268977,659.8574616,577.8297101,519.1578674,589.3269497,778.5613177,482.311753,334.9117494,237.1903899,998.7383783,1058.7739,835.9517146,565.2073231,315.6888371,503.8033989,484.3250517,261.8217624,0,697.3807798,743.1215062,951.6462646,1209.367624,1286.547964,1527.229857,1751.272429,1767.794082,1541.948111,1988.508497,2033.58122,2266.211223,2291.512336,2584.260007,2879.73259,3054.171135,2965.878988,0,0,0,0,01677.120574,1267.89197,1556.748404,1673.285585,1355.383885,1079.19039,826.2329624,623.9148551,1730.348688,1785.421498,1838.152175,1756.063406,1865.072722,1567.102139,1546.938794,1521.375087,1459.32196,1269.665843,1196.279892,1273.885957,1266.905538,1060.266218,987.4532878,1019.04002,653.5277207,1123.523745,1113.49918,824.8795884,536.6502711,319.3455279,239.8328157,1056.37073,795.3281573,890.1903899,942.1478174,902.6048015,693.322837,491.0626725,490.8126336,290.9711735,214.9442719,476.7082039,697.3807798,0,341.3277446,287.7871376,545.5084972,658.5711697,883.2004399,1117.157867,1100.157867,874.3118961,1320.872283,1365.945005,1598.575008,1623.876121,1916.623792,2212.096375,2417.296754,2337.902193,0,0,0,0,01983.975643,1574.747039,1863.603473,1980.140654,1662.238955,1386.045459,1133.088032,930.7699243,2021.512701,2085.670936,2138.401613,2062.918475,2171.927792,1873.957209,1853.793863,1821.624525,1750.485973,1544.076702,1496.52933,1574.135395,1573.760607,1367.121287,1287.702726,1310.204033,944.6917339,1352.265045,1279.71138,1053.620889,789.7180698,616.5874309,560.8519636,1190.873016,930.1867344,980.3118961,711.0356788,671.4926629,462.2106984,296.9692489,450.5673309,239.3181073,421.2162884,621.7210794,743.1215062,341.3277446,0,254.9429479,478.9937888,548.6199534,789.3018461,1013.344419,1062.915588,837.0696168,1283.630003,1328.702726,1561.332729,1586.633842,1879.381513,2174.854096,2316.243124,2227.950977,0,0,0,0,01878.82501,1469.596406,1758.45284,1874.990021,1557.088322,1280.894826,1027.937399,825.6192913,1988.957517,2044.030327,2059.008766,1957.767842,2066.777159,1768.806576,1748.64323,1779.983916,1717.930789,1542.732874,1454.888721,1488.507453,1468.609974,1261.970654,1246.062116,1292.107051,912.1365493,1401.869166,1401.286318,1112.132289,814.9956927,597.6909495,455.7013307,1344.157867,1083.115295,1144.455875,965.9786267,926.4356107,717.1536462,551.9121967,686.4487012,470.0059821,502.7314095,764.4953416,951.6462646,287.7871376,254.9429479,0,257.7213595,375.2376716,595.4133022,829.3707298,832.2004399,606.3544685,1052.914855,1097.987578,1330.617581,1355.918694,1648.666365,1944.138948,2138.407203,2050.115056,0,0,0,0,02125.145053,1715.916448,2004.772882,2121.310063,1803.408364,1527.214868,1274.257441,1071.939333,2235.277559,2290.350369,2305.328808,2204.087884,2313.097201,2015.126618,1994.963272,2026.303958,1964.250831,1789.052916,1701.208763,1734.827495,1714.930017,1508.290696,1492.382159,1538.427093,1158.456591,1648.189208,1659.007678,1369.853649,1061.315735,844.0109916,702.0213728,1601.879227,1340.836654,1402.177234,1189.495031,1149.952015,940.6700504,775.4286009,929.5611197,713.1184006,760.4527691,1022.216701,1209.367624,545.5084972,478.9937888,257.7213595,0,174.9411663,337.6919427,571.6493702,583.9217994,363.5983412,804.6362146,849.7089371,1094.274695,1107.640053,1400.387724,1695.860307,1880.685843,1792.393696,0,0,0,0,02254.062682,1844.834078,2133.690512,2250.227693,1932.325993,1656.132498,1403.17507,1200.856963,2364.195188,2419.267999,2434.246438,2333.005514,2442.01483,2144.044247,2123.880902,2155.221587,2093.16846,1917.970545,1830.126393,1863.745124,1843.847646,1637.208326,1621.299788,1667.344722,1287.374221,1777.106838,1772.07035,1482.916321,1190.233364,972.9286212,830.9390023,1714.941899,1453.899327,1515.239907,1259.121195,1219.578179,1010.296215,845.0547655,999.1872843,782.7445652,873.5154416,1135.279374,1286.547964,658.5711697,548.6199534,375.2376716,174.9411663,0,271.3707298,495.4133022,591.302324,414.7923659,765.6988871,851.5669485,1124.814145,1068.702726,1361.450397,1656.92298,1767.623171,1679.331024,0,0,0,0,02462.836995,2053.608391,2342.464825,2459.002006,2141.100306,1864.906811,1611.949383,1409.631276,2572.969501,2628.042312,2643.020751,2541.779827,2650.789144,2352.81856,2332.655215,2363.995901,2301.942773,2126.744859,2038.900706,2072.519438,2052.621959,1845.982639,1830.074101,1876.119035,1496.148534,1985.881151,1996.69962,1707.545592,1399.007678,1181.702934,1039.713315,1939.57117,1678.528597,1739.869177,1499.803088,1460.260072,1250.978108,1085.736658,1239.869177,1023.426458,1098.144712,1359.908644,1527.229857,883.2004399,789.3018461,595.4133022,337.6919427,271.3707298,0,233.9574275,340.0841416,233.6524758,494.3281573,589.1034979,862.3506947,797.3319961,1090.079667,1385.55225,1542.993901,1454.701753,0,0,0,0,02696.794423,2287.565818,2576.422253,2692.959433,2375.057734,2098.864239,1845.906811,1643.588704,2806.926929,2861.999739,2876.978179,2775.737254,2884.746571,2586.775988,2566.612642,2597.953328,2535.900201,2360.702286,2272.858133,2306.476865,2286.579387,2079.940067,2064.031529,2110.076463,1730.105962,2219.838579,2230.657048,1941.503019,1632.965105,1415.660362,1273.670743,2173.528597,1912.486025,1973.826604,1723.845661,1684.302645,1475.02068,1309.779231,1463.911749,1247.46903,1332.102139,1593.866071,1751.272429,1117.157867,1013.344419,829.3707298,571.6493702,495.4133022,233.9574275,0,286.0131556,347.7259258,278.3021361,450.7461076,729.0422002,620.1417124,883.3172161,1178.789799,1309.036473,1220.744326,0,0,0,0,02679.794423,2270.565818,2559.422253,2675.959433,2358.057734,2081.864239,1828.906811,1626.588704,2789.926929,2844.999739,2859.978179,2758.737254,2867.746571,2569.775988,2549.612642,2580.953328,2518.900201,2343.702286,2255.858133,2289.476865,2269.579387,2062.940067,2047.031529,2093.076463,1713.105962,2202.838579,2213.657048,1924.503019,1615.965105,1398.660362,1256.670743,2156.528597,1895.486025,1960.603692,1773.41683,1733.873814,1524.59185,1359.3504,1513.482919,1297.0402,1315.102139,1576.866071,1767.794082,1100.157867,1062.915588,832.2004399,583.9217994,591.302324,340.0841416,286.0131556,0,225.8459713,292.2736612,265.7871376,533.5118212,523.7182539,816.4659247,1111.938508,1317.138887,1443.351124,0,0,0,0,02453.948451,2044.719847,2333.576281,2450.113462,2132.211763,1856.018267,1603.06084,1400.742732,2564.080957,2619.153768,2634.132207,2532.891283,2641.9006,2343.930017,2323.766671,2355.107357,2293.05423,2117.856315,2030.012162,2063.630894,2043.733415,1837.094095,1821.185557,1867.230492,1487.25999,1976.992607,1987.811076,1698.657048,1390.119134,1172.814391,1030.824772,1930.682626,1669.640053,1734.757721,1547.570859,1508.027843,1298.745878,1133.504429,1287.636948,1071.194229,1089.256168,1351.0201,1541.948111,874.3118961,837.0696168,606.3544685,363.5983412,414.7923659,233.6524758,347.7259258,225.8459713,0,499.4396135,491.633109,730.6763534,749.5642253,1042.311896,1337.784479,1542.984858,1564.390686,0,0,0,0,02900.508838,2491.280234,2780.136668,2896.673849,2578.772149,2302.578654,2049.621226,1847.303119,3010.641344,3065.714155,3080.692594,2979.451669,3088.460986,2790.490403,2770.327058,2801.667743,2739.614616,2564.416701,2476.572548,2510.19128,2490.293802,2283.654482,2267.745944,2313.790878,1933.820377,2423.552994,2434.371463,2145.217434,1836.67952,1619.374777,1477.385158,2377.243012,2116.20044,2181.318107,1994.131245,1954.588229,1745.306265,1580.064815,1734.197334,1517.754615,1535.816554,1797.580487,1988.508497,1320.872283,1283.630003,1052.914855,804.6362146,765.6988871,494.3281573,278.3021361,292.2736612,499.4396135,0,249.0688837,492.3676242,341.8395763,605.01508,900.4876632,1105.688042,1276.383646,0,0,0,0,02945.58156,2536.352956,2825.20939,2941.746571,2623.844872,2347.651376,2094.693949,1892.375841,3055.714066,3110.786877,3125.765316,3024.524392,3133.533709,2835.563126,2815.39978,2846.740466,2784.687339,2609.489424,2521.645271,2555.264003,2535.366524,2328.727204,2312.818666,2358.863601,1978.893099,2468.625716,2479.444185,2190.290157,1881.752243,1664.447499,1522.457881,2422.315735,2161.273162,2226.39083,2039.203968,1999.660952,1790.378987,1625.137538,1779.270057,1562.827338,1580.889277,1842.653209,2033.58122,1365.945005,1328.702726,1097.987578,849.7089371,851.5669485,589.1034979,450.7461076,265.7871376,491.633109,249.0688837,0,278.2960926,264.0688837,572.869177,868.3417602,1073.542139,1331.319018,0,0,0,0,03178.211564,2768.982959,3057.839394,3174.376574,2856.474875,2580.28138,2327.323952,2125.005845,3288.34407,3343.41688,3358.39532,3257.154395,3366.163712,3068.193129,3048.029783,3079.370469,3017.317342,2842.119427,2754.275274,2787.894006,2767.996528,2561.357208,2545.44867,2591.493604,2211.523103,2701.25572,2712.074189,2422.92016,2114.382246,1897.077503,1755.087884,2654.945738,2393.903166,2459.020833,2271.833971,2232.290955,2023.008991,1857.767541,2011.90006,1795.457341,1813.51928,2075.283212,2266.211223,1598.575008,1561.332729,1330.617581,1094.274695,1124.814145,862.3506947,729.0422002,533.5118212,730.6763534,492.3676242,278.2960926,0,237.1772343,495.3964954,799.0523055,1007.006627,1264.783507,0,0,0,0,03203.512677,2794.284072,3083.140506,3199.677687,2881.775988,2605.582492,2352.625065,2150.306958,3313.645183,3368.717993,3383.696432,3282.455508,3391.464825,3093.494242,3073.330896,3104.671582,3042.618455,2867.42054,2779.576387,2813.195119,2793.297641,2586.658321,2570.749783,2616.794717,2236.824216,2726.556832,2737.375302,2448.221273,2139.683359,1922.378616,1780.388997,2680.246851,2419.204279,2484.321946,2297.135084,2257.592068,2048.310104,1883.068654,2037.201173,1820.758454,1838.820393,2100.584325,2291.512336,1623.876121,1586.633842,1355.918694,1107.640053,1068.702726,797.3319961,620.1417124,523.7182539,749.5642253,341.8395763,264.0688837,237.1772343,0,308.8002933,604.2728765,809.4732552,1067.250134,0,0,0,0,03496.260348,3087.031743,3375.888177,3492.4